[redshift]
location-provider=manual
temp-day=4700
temp-night=3500
fade=0

[manual]
lat=48.445930
lon=-123.321970
